The input is: 
Vector 1: 
X[1] = (-380.0037231445, -469.0494384766) 
X[2] = (-536.5103149414, -158.8306274414) 
X[3] = (-805.8410644531, 987.9200439453) 
X[4] = (168.0640869141, -41.0626831055) 
Vector 2: 
X[1] = (365.6048583984, -598.9909667969) 
X[2] = (-605.3296508789, 364.2005615234) 
X[3] = (-336.8251953125, -97.2055664062) 
X[4] = (-64.3978271484, -456.5399780273) 
Vector 3: 
X[1] = (-894.6196899414, -627.3950805664) 
X[2] = (-911.9916992188, -507.4284057617) 
X[3] = (-311.2677612305, -602.3038330078) 
X[4] = (-315.0816650391, -426.8682250977) 
Vector 4: 
X[1] = (-142.3787841797, 303.6416015625) 
X[2] = (-400.5006713867, -878.9401855469) 
X[3] = (73.9747314453, -654.8172607422) 
X[4] = (-189.9772949219, 693.9709472656) 
Result: 
Resulting vector 1: 
FX[1] = (-1553.2089843750, 318.9170227051) 
FX[2] = (308.0694274902, -752.2523193359) 
FX[3] = (-817.6937255859, 718.8242797852) 
FX[4] = (543.6052856445, -2161.2043457031) 
Resulting vector 2: 
FX[1] = (-640.6890869141, -788.4628295898) 
FX[2] = (1522.8751220703, 39.0363578796) 
FX[3] = (698.2485351562, -603.7839355469) 
FX[4] = (-118.6060256958, -1042.7534179688) 
Resulting vector 3: 
FX[1] = (-2433.1833496094, -2164.3020019531) 
FX[2] = (-663.9120483398, 571.5961303711) 
FX[3] = (21.1859436035, -295.4022521973) 
FX[4] = (-502.7916564941, -621.7786254883) 
Resulting vector 4: 
FX[1] = (-659.0286865234, -535.9301757812) 
FX[2] = (-1788.7866210938, 1169.0989990234) 
FX[3] = (522.1228027344, -165.9918518066) 
FX[4] = (1356.1773681641, 748.2478027344) 

