The input is: 
Vector 1: 
X[1] = (-375.4693603516, 965.4727783203) 
X[2] = (69.2192382812, 448.3619384766) 
X[3] = (486.9509277344, -215.2551879883) 
X[4] = (494.3688964844, 776.1871337891) 
Vector 2: 
X[1] = (-125.0696411133, -327.9182739258) 
X[2] = (-410.6654663086, -322.3129882812) 
X[3] = (127.4267578125, -569.7149047852) 
X[4] = (265.4982910156, 216.6312255859) 
Vector 3: 
X[1] = (188.8696289062, -635.9725341797) 
X[2] = (-748.2590942383, -828.7330932617) 
X[3] = (-550.8951416016, -252.6770019531) 
X[4] = (683.1029052734, 615.1669921875) 
Vector 4: 
X[1] = (-812.5756835938, 718.6823730469) 
X[2] = (289.9333496094, 304.9339599609) 
X[3] = (72.5277099609, 562.4122314453) 
X[4] = (726.5809326172, 697.0584716797) 
Result: 
Resulting vector 1: 
FX[1] = (675.0697021484, 1974.7667236328) 
FX[2] = (-1190.2454833984, 1605.8776855469) 
FX[3] = (-452.1065673828, -474.3314819336) 
FX[4] = (-534.5950927734, 755.5783691406) 
Resulting vector 2: 
FX[1] = (-142.8100585938, -1003.3149414062) 
FX[2] = (-791.4406127930, 917.9603881836) 
FX[3] = (147.5242919922, -791.9514160156) 
FX[4] = (286.4478149414, -434.3671264648) 
Resulting vector 3: 
FX[1] = (-427.1817626953, -1102.2155761719) 
FX[2] = (-704.1353759766, 1048.0665283203) 
FX[3] = (-296.8693237305, -675.0834350586) 
FX[4] = (2183.6650390625, -1814.6575927734) 
Resulting vector 4: 
FX[1] = (276.4663085938, 2283.0869140625) 
FX[2] = (-1277.2279052734, 592.9177246094) 
FX[3] = (-1756.5622558594, 279.1021728516) 
FX[4] = (-492.9788818359, -280.3774414062) 

275.069702148400 + 1974.76666259770i	-142.810058593800 - 1003.31494140630i	-427.181701660300 - 1102.21563720700i	276.466308593700 + 2283.08703613280i
-790.245483398500 + 1605.87762451180i	-791.440612792900 + 917.960388183600i	-704.135314941400 + 1048.06646728510i	-1277.22790527350 + 592.917724609400i
-852.106567382800 - 474.331481933700i	147.524291992200 - 791.951416015700i	-296.869323730500 - 675.083435058600i	-1756.56225585950 + 279.102172851600i
-134.595092773500 + 755.578308105400i	286.447814941300 - 434.367126464800i	2183.66485595700 - 1814.65753173830i	-492.978881835900 - 280.377441406200i