The input is: 
Vector 1: 
X[1] = (-940.4735717773, 33.8238525391) 
X[2] = (-946.9901733398, -723.7689208984) 
X[3] = (-502.6656188965, 315.3272705078) 
X[4] = (713.1887207031, 236.3933105469) 
Vector 2: 
X[1] = (617.6839599609, 270.3027343750) 
X[2] = (-978.9824218750, 758.5655517578) 
X[3] = (-437.2224731445, -612.0571899414) 
X[4] = (128.1323242188, 47.6016845703) 
Vector 3: 
X[1] = (800.8498535156, -670.5344238281) 
X[2] = (-918.3099975586, 318.0910644531) 
X[3] = (-391.5411376953, 828.4915771484) 
X[4] = (177.6291503906, 588.6474609375) 
Vector 4: 
X[1] = (837.9548339844, -400.1735229492) 
X[2] = (-104.1227416992, -919.1884765625) 
X[3] = (426.0300292969, 73.7656250000) 
X[4] = (35.5335693359, 485.5565185547) 
Result: 
Resulting vector 1: 
FX[1] = (855.1394653320, -1196.5793457031) 
FX[2] = (762.4183959961, 1839.6889648438) 
FX[3] = (-820.7702026367, -476.5374145508) 
FX[4] = (43.2130126953, 163.7792358398) 
Resulting vector 2: 
FX[1] = (-648.2142333984, 443.0428466797) 
FX[2] = (1698.9031982422, 1912.8078613281) 
FX[3] = (997.8254394531, -1094.9722900391) 
FX[4] = (341.8426818848, -229.1130371094) 
Resulting vector 3: 
FX[1] = (-353.3644714355, 975.0151367188) 
FX[2] = (1023.9125976562, -204.2742767334) 
FX[3] = (1225.6152343750, -685.4030151367) 
FX[4] = (1519.3486328125, -2540.7460937500) 
Resulting vector 4: 
FX[1] = (1310.2955322266, -685.6296386719) 
FX[2] = (-814.5740356445, -274.1884460449) 
FX[3] = (1460.9637451172, 96.3111343384) 
FX[4] = (1717.4515380859, -580.4028930664) 

