The input is: 
X[1] = (833.8128662109, 118.2767333984) 
X[2] = (751.8426513672, 646.9311523438) 
X[3] = (-338.6689453125, 829.6854248047) 
X[4] = (7.3660888672, 552.1037597656) 
Result: 
FX[1] = (1254.3526611328, 2146.9970703125) 
FX[2] = (1267.3092041016, -1455.8852539062) 
FX[3] = (-264.0648193359, -251.0727539062) 
FX[4] = (1077.6544189453, 33.0678710938) 

