The input is: 
Vector 1: 
X[1] = (-0.4300856590, -0.5604432821) 
X[2] = (-0.2752783298, -0.7412023544) 
X[3] = (0.4062180519, -0.2677827477) 
X[4] = (-0.7350151539, 0.8120865822) 
X[5] = (-0.8554290533, -0.5482484102) 
X[6] = (0.0650714636, -0.5607141852) 
X[7] = (-0.7920849323, 0.6564797163) 
X[8] = (-0.7262424231, 0.3307516575) 
X[9] = (0.8674015999, -0.8666222095) 
X[10] = (0.7597174644, -0.2105317116) 
X[11] = (-0.9877348542, 0.9526531696) 
X[12] = (0.0390777588, -0.0651288629) 
X[13] = (-0.7979982495, -0.9011771679) 
X[14] = (-0.9351599216, -0.0386412740) 
X[15] = (-0.8665736914, -0.4773396254) 
X[16] = (0.8763616085, -0.2966592908) 

Result: 
Resulting vector 1: 
FX[1] = (-4.3877539635, -2.7825198174) 
FX[2] = (0.1377230883, -2.0734477043) 
FX[3] = (4.4074244499, -2.1675660610) 
FX[4] = (-0.8347197175, 1.6625243425) 
FX[5] = (-1.3080754280, -3.9006705284) 
FX[6] = (-3.7193202972, 7.3259816170) 
FX[7] = (0.2838675082, 1.4931998253) 
FX[8] = (-0.1364339590, 0.9572680593) 
FX[9] = (-2.5248193741, -1.2424412966) 
FX[10] = (-0.2833302617, -2.6054432392) 
FX[11] = (0.7855229378, 0.0580029488) 
FX[12] = (-4.4546108246, 0.0877014920) 
FX[13] = (3.3562037945, -3.5803327560) 
FX[14] = (0.0866932869, -1.1926512718) 
FX[15] = (2.8861582279, 0.7058038712) 
FX[16] = (-1.1758995056, -1.7125012875) 

