The input is: 
Vector 1: 
X[1] = (0.9872400761, 0.9487556219) 
X[2] = (0.3303090334, 0.7903831005) 
X[3] = (-0.5346893072, 0.5220181942) 
X[4] = (-0.0127524734, 0.4889653921) 
Vector 2: 
X[1] = (-0.0112890601, 0.9813078642) 
X[2] = (0.0561493635, 0.1552633047) 
X[3] = (-0.6487367749, -0.6981607676) 
X[4] = (0.0029424429, 0.1496881247) 
Vector 3: 
X[1] = (0.6745377779, -0.1023638844) 
X[2] = (0.8403040171, 0.5731989145) 
X[3] = (-0.1572152972, 0.1148585081) 
X[4] = (-0.7530428767, -0.1207516193) 
Vector 4: 
X[1] = (0.1424162388, -0.8469592333) 
X[2] = (0.9759882689, -0.6057622433) 
X[3] = (0.9729876518, -0.8248605728) 
X[4] = (0.2777749300, 0.9602277279) 
Result: 
Resulting vector 1: 
FX[1] = (0.7701073289, 2.7501223087) 
FX[2] = (1.8233472109, 0.0836758986) 
FX[3] = (0.1349942088, 0.1914253980) 
FX[4] = (1.2205117941, 0.7697989345) 
Resulting vector 2: 
FX[1] = (-0.6009340882, 0.5880984664) 
FX[2] = (0.6430228949, 1.6262618303) 
FX[3] = (-0.7191176414, -0.0218043532) 
FX[4] = (0.6318725348, 1.7326756716) 
Resulting vector 3: 
FX[1] = (0.6045836210, 0.4649419188) 
FX[2] = (1.5257035494, -1.8105692863) 
FX[3] = (0.4300613105, -0.4399526715) 
FX[4] = (0.1378025413, 1.3761245012) 
Resulting vector 4: 
FX[1] = (2.3691670895, -1.3173543215) 
FX[2] = (-2.3965613842, -0.7203119397) 
FX[3] = (-0.1383593082, -2.0262854099) 
FX[4] = (0.7354184985, 0.6761146784) 
