The input is: 
Vector 1: 
X[1] = (-674.0531005859, -886.8339843750) 
X[2] = (33.2687988281, -752.9982910156) 
X[3] = (731.9016113281, -556.8028564453) 
X[4] = (833.3482666016, -390.2513427734) 
Vector 2: 
X[1] = (-840.1099243164, 226.9365234375) 
X[2] = (-710.6043090820, 32.5439453125) 
X[3] = (700.2244873047, 664.2003173828) 
X[4] = (551.8186035156, -352.8543701172) 
Vector 3: 
X[1] = (-115.5631103516, 728.1577148438) 
X[2] = (-119.6256713867, 454.5512695312) 
X[3] = (-635.5833740234, 496.0736083984) 
X[4] = (500.9221191406, -171.9609375000) 
Vector 4: 
X[1] = (395.0095214844, -27.3186645508) 
X[2] = (932.9117431641, -21.3859863281) 
X[3] = (726.4995117188, -229.4329833984) 
X[4] = (635.7808837891, -947.5535888672) 
Result: 
Resulting vector 1: 
FX[1] = (924.4655761719, -2586.8864746094) 
FX[2] = (-1768.7016601562, 470.0483093262) 
FX[3] = (-808.7685546875, -300.3872070312) 
FX[4] = (-1043.2075195312, -1130.1105957031) 
Resulting vector 2: 
FX[1] = (-298.6711425781, 570.8264160156) 
FX[2] = (-1154.9360351562, 825.1591186523) 
FX[3] = (18.9002952576, 1211.4472656250) 
FX[4] = (-1925.7326660156, -1699.6866455078) 
Resulting vector 3: 
FX[1] = (-369.8500366211, 1506.8216552734) 
FX[2] = (1146.5324707031, 852.6318969727) 
FX[3] = (-1132.4428710938, 941.6409912109) 
FX[4] = (-106.4919586182, -388.4636535645) 
Resulting vector 4: 
FX[1] = (2690.2016601562, -1225.6911621094) 
FX[2] = (594.6776123047, -95.0165176392) 
FX[3] = (-447.1836547852, 712.1879272461) 
FX[4] = (-1257.6575927734, 499.2451477051) 

