Input vectors: 
X[0] = 153.2269287109
X[1] = -544.3588867188
X[2] = -329.0140380859
X[3] = -640.5670776367
X[4] = 590.0720214844
X[5] = 379.7305908203
X[6] = 695.0814208984
X[7] = -145.1328125000
X[8] = 130.3455810547
X[9] = -187.6120605469
Result: 
 S1=695.0814208984, High=0.1362915039, 
Xhi[0] = 0.2204589844, Xlo[0] = -0.0734252930
Xhi[1] = -0.7832031250, Xlo[1] = 0.2279052734
Xhi[2] = -0.4733886719, Xlo[2] = 0.2174072266
Xhi[3] = -0.9213867188, Xlo[3] = -0.9414062500
Xhi[4] = 0.8491210938, Xlo[4] = -1.0000000000
Xhi[5] = 0.5463867188, Xlo[5] = -0.3864746094
Xhi[6] = 1.0000000000, Xlo[6] = 0.0000000000
Xhi[7] = -0.2087402344, Xlo[7] = -0.3034667969
Xhi[8] = 0.1875000000, Xlo[8] = 0.1307373047
Xhi[9] = -0.2700195312, Xlo[9] = 0.5390625000

